{"size": "128", "geom": "plane", "dist": [[0.0, 966.0, 1513.0, 2964.0, 1149.0, 927.0, 1611.0, 1510.0, 390.0, 466.0, 1820.0, 1718.0, 504.0, 1179.0, 308.0, 1017.0, 1167.0, 3250.0, 622.0, 2947.0, 1240.0, 244.0, 601.0, 1366.0, 1008.0, 1190.0, 315.0, 326.0, 2452.0, 1958.0, 892.0, 1031.0, 530.0, 2675.0, 1518.0, 1648.0, 1157.0, 417.0, 1222.0, 1583.0, 1998.0, 126.0, 535.0, 1065.0, 707.0, 1807.0, 844.0, 435.0, 1051.0, 775.0, 957.0, 671.0, 1003.0, 245.0, 3014.0, 2802.0, 952.0, 187.0, 666.0, 2909.0, 2174.0, 675.0, 1308.0, 1525.0, 401.0, 607.0, 1336.0, 1053.0, 1853.0, 1881.0, 640.0, 88.0, 859.0, 216.0, 1218.0, 1113.0, 745.0, 710.0, 2038.0, 2816.0, 1666.0, 1742.0, 996.0, 1268.0, 1589.0, 3010.0, 1254.0, 953.0, 128.0, 395.0, 47.0, 2493.0, 2355.0, 130.0, 1330.0, 218.0, 1133.0, 2269.0, 3104.0, 1715.0, 527.0, 1328.0, 1807.0, 567.0, 309.0, 562.0, 910.0, 1487.0, 1540.0, 1178.0, 2390.0, 3005.0, 2114.0, 1786.0, 2072.0, 1192.0, 694.0, 961.0, 1018.0, 168.0, 565.0, 1700.0, 1636.0, 2019.0, 1458.0, 1564.0, 2871.0, 348.0], [966.0, 0.0, 2410.0, 1520.0, 1817.0, 729.0, 686.0, 290.0, 1823.0, 168.0, 2027.0, 172.0, 1610.0, 1500.0, 1002.0, 1247.0, 1550.0, 2390.0, 3229.0, 2890.0, 2198.0, 1000.0, 393.0, 776.0, 373.0, 278.0, 962.0, 428.0, 2645.0, 1452.0, 2120.0, 223.0, 556.0, 2505.0, 1327.0, 3126.0, 1461.0, 862.0, 1566.0, 2101.0, 524.0, 1872.0, 661.0, 1520.0, 561.0, 2407.0, 1439.0, 460.0, 870.0, 287.0, 534.0, 291.0, 981.0, 796.0, 3259.0, 1195.0, 2986.0, 805.0, 829.0, 2793.0, 998.0, 2567.0, 933.0, 266.0, 1132.0, 996.0, 735.0, 335.0, 2701.0, 257.0, 1278.0, 589.0, 947.0, 709.0, 1425.0, 127.0, 1747.0, 393.0, 2739.0, 1078.0, 1343.0, 191.0, 1726.0, 899.0, 404.0, 2547.0, 1810.0, 396.0, 850.0, 294.0, 434.0, 2519.0, 524.0, 2297.0, 1319.0, 1168.0, 1351.0, 1832.0, 846.0, 1407.0, 1293.0, 1752.0, 1002.0, 2152.0, 436.0, 361.0, 1442.0, 584.0, 1359.0, 766.0, 2836.0, 737.0, 1313.0, 697.0, 825.0, 963.0, 1855.0, 267.0, 548.0, 1127.0, 432.0, 2265.0, 558.0, 571.0, 943.0, 198.0, 1917.0, 2541.0], [1513.0, 2410.0, 0.0, 604.0, 481.0, 2742.0, 1833.0, 826.0, 214.0, 1618.0, 1712.0, 567.0, 544.0, 1313.0, 1270.0, 269.0, 1432.0, 1783.0, 2678.0, 360.0, 1725.0, 2260.0, 1549.0, 1016.0, 253.0, 1548.0, 434.0, 769.0, 2873.0, 1484.0, 572.0, 2104.0, 419.0, 2422.0, 1461.0, 542.0, 2941.0, 1221.0, 827.0, 2351.0, 820.0, 486.0, 1415.0, 1565.0, 1085.0, 1353.0, 2039.0, 1620.0, 1238.0, 290.0, 1244.0, 487.0, 1146.0, 736.0, 2295.0, 1312.0, 250.0, 2969.0, 182.0, 2678.0, 1096.0, 356.0, 1299.0, 914.0, 189.0, 726.0, 516.0, 323.0, 1830.0, 824.0, 580.0, 1361.0, 915.0, 797.0, 693.0, 312.0, 656.0, 1046.0, 2093.0, 1054.0, 702.0, 2894.0, 847.0, 1293.0, 1397.0, 2885.0, 1695.0, 2709.0, 489.0, 1160.0, 341.0, 2341.0, 485.0, 450.0, 1412.0, 1157.0, 681.0, 1773.0, 1542.0, 977.0, 1918.0, 722.0, 591.0, 966.0, 1852.0, 509.0, 1189.0, 490.0, 1081.0, 779.0, 1906.0, 1273.0, 1566.0, 2936.0, 2141.0, 1277.0, 606.0, 1066.0, 752.0, 486.0, 590.0, 2132.0, 1095.0, 2154.0, 1211.0, 2217.0, 2673.0, 1570.0], [2964.0, 1520.0, 604.0, 0.0, 595.0, 1289.0, 1446.0, 466.0, 1139.0, 430.0, 428.0, 201.0, 452.0, 1574.0, 1068.0, 255.0, 965.0, 1948.0, 1842.0, 820.0, 1600.0, 1933.0, 1824.0, 1128.0, 305.0, 958.0, 1320.0, 291.0, 1707.0, 1799.0, 692.0, 1593.0, 2274.0, 2359.0, 943.0, 975.0, 1358.0, 2701.0, 1229.0, 2355.0, 1162.0, 813.0, 343.0, 1049.0, 1170.0, 1060.0, 1021.0, 2220.0, 586.0, 554.0, 1111.0, 578.0, 1354.0, 939.0, 2302.0, 709.0, 369.0, 410.0, 2871.0, 2838.0, 1134.0, 614.0, 1650.0, 2790.0, 532.0, 796.0, 1803.0, 716.0, 2080.0, 591.0, 1460.0, 492.0, 2106.0, 967.0, 635.0, 582.0, 442.0, 477.0, 999.0, 1419.0, 1403.0, 1187.0, 3034.0, 874.0, 1952.0, 3023.0, 1685.0, 2612.0, 2606.0, 102.0, 1199.0, 2444.0, 90.0, 411.0, 1780.0, 1418.0, 811.0, 2787.0, 1704.0, 629.0, 489.0, 3042.0, 2112.0, 441.0, 691.0, 2308.0, 1412.0, 639.0, 1253.0, 187.0, 3108.0, 1384.0, 1567.0, 808.0, 864.0, 980.0, 1828.0, 1229.0, 1861.0, 861.0, 499.0, 1408.0, 986.0, 2719.0, 1437.0, 769.0, 1038.0, 2343.0], [1149.0, 1817.0, 481.0, 595.0, 0.0, 494.0, 550.0, 2641.0, 765.0, 934.0, 1813.0, 1516.0, 378.0, 1363.0, 1344.0, 1513.0, 1249.0, 2487.0, 1850.0, 1192.0, 708.0, 1360.0, 1351.0, 2999.0, 1178.0, 1198.0, 730.0, 1127.0, 2691.0, 921.0, 934.0, 1578.0, 1110.0, 409.0, 1238.0, 712.0, 1839.0, 1014.0, 2402.0, 1105.0, 387.0, 1157.0, 1047.0, 1064.0, 882.0, 997.0, 881.0, 1180.0, 1186.0, 1344.0, 1383.0, 443.0, 1414.0, 1109.0, 2352.0, 1379.0, 714.0, 507.0, 1072.0, 818.0, 929.0, 740.0, 1633.0, 324.0, 2397.0, 695.0, 551.0, 809.0, 2462.0, 211.0, 561.0, 1407.0, 678.0, 1898.0, 1275.0, 670.0, 1087.0, 549.0, 2152.0, 1915.0, 769.0, 1220.0, 1024.0, 2142.0, 1251.0, 1325.0, 2063.0, 2584.0, 2518.0, 2916.0, 55.0, 1545.0, 213.0, 54.0, 1741.0, 1618.0, 1731.0, 2845.0, 374.0, 734.0, 712.0, 839.0, 1258.0, 2134.0, 196.0, 1245.0, 3213.0, 75.0, 944.0, 749.0, 2203.0, 103.0, 1217.0, 576.0, 1526.0, 2056.0, 291.0, 1205.0, 216.0, 1994.0, 324.0, 2187.0, 260.0, 2586.0, 1974.0, 2352.0, 2243.0, 691.0], [927.0, 729.0, 2742.0, 1289.0, 494.0, 0.0, 1279.0, 1197.0, 2956.0, 299.0, 888.0, 491.0, 1408.0, 1432.0, 1360.0, 327.0, 2375.0, 2595.0, 2717.0, 1097.0, 841.0, 468.0, 1909.0, 2698.0, 2007.0, 1034.0, 970.0, 537.0, 1344.0, 1703.0, 463.0, 1893.0, 1067.0, 2705.0, 1265.0, 961.0, 808.0, 1497.0, 285.0, 819.0, 1356.0, 483.0, 1362.0, 2101.0, 701.0, 2384.0, 952.0, 1006.0, 232.0, 1944.0, 740.0, 751.0, 1400.0, 1226.0, 1919.0, 453.0, 819.0, 715.0, 1172.0, 2595.0, 1900.0, 392.0, 1573.0, 367.0, 542.0, 1942.0, 1151.0, 512.0, 1171.0, 593.0, 839.0, 473.0, 1619.0, 711.0, 704.0, 883.0, 1174.0, 386.0, 2360.0, 1503.0, 344.0, 1528.0, 413.0, 903.0, 3288.0, 2947.0, 590.0, 2962.0, 2481.0, 2564.0, 2955.0, 2502.0, 877.0, 152.0, 1374.0, 1579.0, 762.0, 565.0, 448.0, 1398.0, 916.0, 1972.0, 1266.0, 973.0, 1911.0, 757.0, 2133.0, 1766.0, 1468.0, 548.0, 1747.0, 836.0, 2217.0, 1367.0, 2127.0, 367.0, 2719.0, 1246.0, 1647.0, 120.0, 1429.0, 1526.0, 928.0, 1791.0, 1865.0, 2917.0, 543.0, 1943.0], [1611.0, 686.0, 1833.0, 1446.0, 550.0, 1279.0, 0.0, 250.0, 1500.0, 2749.0, 2035.0, 832.0, 240.0, 1252.0, 1220.0, 589.0, 1160.0, 1009.0, 2898.0, 605.0, 1138.0, 757.0, 1058.0, 1473.0, 1714.0, 3164.0, 719.0, 777.0, 1926.0, 1043.0, 811.0, 1144.0, 1382.0, 2898.0, 1225.0, 2773.0, 1700.0, 493.0, 326.0, 1856.0, 2772.0, 1230.0, 1018.0, 2416.0, 1501.0, 1519.0, 1935.0, 1053.0, 647.0, 893.0, 1135.0, 1056.0, 1130.0, 1193.0, 2620.0, 1196.0, 821.0, 929.0, 744.0, 2840.0, 1223.0, 2548.0, 1579.0, 505.0, 624.0, 1149.0, 3062.0, 375.0, 2223.0, 983.0, 1221.0, 788.0, 434.0, 1712.0, 1180.0, 1814.0, 760.0, 474.0, 1656.0, 1417.0, 885.0, 1993.0, 1111.0, 1147.0, 1259.0, 876.0, 1954.0, 1365.0, 2859.0, 2791.0, 2538.0, 1198.0, 579.0, 806.0, 1477.0, 1212.0, 788.0, 3031.0, 2577.0, 1456.0, 976.0, 2190.0, 1200.0, 1379.0, 1227.0, 2381.0, 1623.0, 1010.0, 3096.0, 696.0, 2047.0, 1339.0, 1379.0, 783.0, 1042.0, 1148.0, 446.0, 1930.0, 668.0, 1815.0, 646.0, 342.0, 273.0, 2580.0, 861.0, 2784.0, 249.0, 246.0], [1510.0, 290.0, 826.0, 466.0, 2641.0, 1197.0, 250.0, 0.0, 637.0, 1305.0, 1061.0, 369.0, 724.0, 1246.0, 944.0, 203.0, 718.0, 2697.0, 1473.0, 904.0, 805.0, 1023.0, 572.0, 471.0, 1538.0, 2880.0, 2936.0, 976.0, 1718.0, 1096.0, 836.0, 1842.0, 890.0, 3126.0, 1418.0, 1039.0, 2688.0, 1356.0, 758.0, 1686.0, 239.0, 2646.0, 891.0, 1879.0, 1816.0, 315.0, 1247.0, 2116.0, 773.0, 719.0, 314.0, 1656.0, 1715.0, 1033.0, 2282.0, 249.0, 1091.0, 732.0, 1388.0, 2222.0, 1430.0, 944.0, 1441.0, 447.0, 694.0, 972.0, 208.0, 2088.0, 1575.0, 346.0, 522.0, 1170.0, 922.0, 376.0, 2095.0, 627.0, 2444.0, 513.0, 1573.0, 1229.0, 1081.0, 1612.0, 2070.0, 1258.0, 557.0, 1983.0, 1549.0, 2853.0, 1271.0, 3040.0, 2830.0, 466.0, 2554.0, 505.0, 728.0, 1315.0, 735.0, 3057.0, 105.0, 917.0, 1047.0, 995.0, 1249.0, 935.0, 1079.0, 789.0, 3286.0, 599.0, 1821.0, 2495.0, 1934.0, 1086.0, 836.0, 837.0, 2244.0, 418.0, 1170.0, 633.0, 2725.0, 577.0, 1336.0, 2337.0, 1294.0, 1917.0, 1807.0, 1989.0, 345.0, 413.0], [390.0, 1823.0, 214.0, 1139.0, 765.0, 2956.0, 1500.0, 637.0, 0.0, 345.0, 663.0, 2647.0, 843.0, 1044.0, 1192.0, 1311.0, 1048.0, 2904.0, 2981.0, 2015.0, 913.0, 565.0, 880.0, 1404.0, 700.0, 1366.0, 2652.0, 2760.0, 2796.0, 1226.0, 278.0, 1266.0, 1361.0, 1960.0, 1646.0, 782.0, 282.0, 2448.0, 134.0, 1702.0, 750.0, 230.0, 2219.0, 1664.0, 1516.0, 247.0, 561.0, 1380.0, 1239.0, 766.0, 385.0, 602.0, 2078.0, 1470.0, 2903.0, 684.0, 1054.0, 1151.0, 525.0, 1865.0, 432.0, 1102.0, 1591.0, 2787.0, 514.0, 880.0, 821.0, 865.0, 914.0, 333.0, 982.0, 464.0, 1103.0, 983.0, 1133.0, 1628.0, 649.0, 1743.0, 2176.0, 1280.0, 483.0, 1553.0, 1069.0, 1355.0, 1283.0, 2472.0, 885.0, 1199.0, 2750.0, 1342.0, 3014.0, 840.0, 2537.0, 2562.0, 1835.0, 510.0, 829.0, 2831.0, 58.0, 1739.0, 1427.0, 1069.0, 1929.0, 952.0, 798.0, 1535.0, 547.0, 2084.0, 1382.0, 1432.0, 560.0, 1309.0, 1028.0, 1204.0, 1339.0, 1083.0, 1098.0, 1388.0, 629.0, 2858.0, 785.0, 827.0, 1197.0, 725.0, 1127.0, 2778.0, 1071.0, 405.0], [466.0, 168.0, 1618.0, 430.0, 934.0, 299.0, 2749.0, 1305.0, 345.0, 0.0, 1481.0, 1203.0, 2539.0, 1848.0, 748.0, 416.0, 2175.0, 2589.0, 3128.0, 828.0, 848.0, 673.0, 1155.0, 1634.0, 537.0, 512.0, 1051.0, 2459.0, 500.0, 1005.0, 518.0, 1257.0, 1138.0, 2944.0, 500.0, 1097.0, 389.0, 189.0, 2001.0, 1540.0, 483.0, 744.0, 522.0, 1841.0, 1003.0, 951.0, 731.0, 373.0, 575.0, 1848.0, 431.0, 438.0, 1242.0, 1833.0, 1562.0, 251.0, 1075.0, 907.0, 1231.0, 2386.0, 997.0, 391.0, 1836.0, 748.0, 2405.0, 1114.0, 988.0, 842.0, 2546.0, 2242.0, 441.0, 931.0, 976.0, 1224.0, 1474.0, 292.0, 1237.0, 257.0, 295.0, 642.0, 529.0, 1307.0, 855.0, 1357.0, 2296.0, 1805.0, 1272.0, 1784.0, 1220.0, 2964.0, 1316.0, 521.0, 2429.0, 2464.0, 1272.0, 1673.0, 623.0, 2934.0, 358.0, 1752.0, 1234.0, 2504.0, 2025.0, 1817.0, 840.0, 1294.0, 2440.0, 1333.0, 2775.0, 944.0, 1140.0, 3110.0, 1209.0, 899.0, 883.0, 180.0, 394.0, 152.0, 624.0, 688.0, 2293.0, 2471.0, 1433.0, 2797.0, 973.0, 2115.0, 281.0, 723.0], [1820.0, 2027.0, 1712.0, 428.0, 1813.0, 888.0, 2035.0, 1061.0, 663.0, 1481.0, 0.0, 239.0, 1071.0, 1887.0, 1618.0, 627.0, 760.0, 1394.0, 2880.0, 386.0, 1015.0, 1056.0, 1263.0, 738.0, 833.0, 1527.0, 268.0, 1321.0, 238.0, 2026.0, 722.0, 1349.0, 800.0, 1597.0, 1464.0, 1168.0, 201.0, 207.0, 1318.0, 418.0, 658.0, 380.0, 603.0, 1337.0, 1701.0, 1511.0, 1167.0, 296.0, 932.0, 1093.0, 1622.0, 541.0, 707.0, 997.0, 1666.0, 1765.0, 791.0, 1017.0, 391.0, 1777.0, 479.0, 1032.0, 952.0, 867.0, 812.0, 2149.0, 228.0, 821.0, 2644.0, 667.0, 1745.0, 475.0, 1086.0, 768.0, 1856.0, 899.0, 614.0, 1289.0, 2148.0, 2521.0, 1024.0, 1358.0, 1395.0, 1310.0, 1194.0, 1354.0, 605.0, 2171.0, 1681.0, 905.0, 2938.0, 1221.0, 2873.0, 2437.0, 1659.0, 1425.0, 771.0, 2035.0, 236.0, 1442.0, 1252.0, 629.0, 703.0, 1875.0, 1594.0, 1313.0, 2124.0, 1238.0, 837.0, 2568.0, 1645.0, 2030.0, 1658.0, 1292.0, 1183.0, 456.0, 550.0, 1349.0, 1156.0, 696.0, 293.0, 701.0, 1214.0, 1225.0, 2076.0, 923.0, 804.0, 272.0], [1718.0, 172.0, 567.0, 201.0, 1516.0, 491.0, 832.0, 369.0, 2647.0, 1203.0, 239.0, 0.0, 353.0, 724.0, 1774.0, 605.0, 1515.0, 2690.0, 1858.0, 703.0, 1222.0, 775.0, 534.0, 234.0, 795.0, 1757.0, 1285.0, 198.0, 3156.0, 2152.0, 2347.0, 1038.0, 1000.0, 2179.0, 195.0, 1191.0, 1005.0, 458.0, 1350.0, 2115.0, 2416.0, 620.0, 585.0, 1009.0, 974.0, 2991.0, 852.0, 1200.0, 1247.0, 271.0, 136.0, 1684.0, 589.0, 462.0, 2095.0, 2365.0, 1552.0, 624.0, 815.0, 2654.0, 646.0, 206.0, 927.0, 595.0, 1019.0, 865.0, 3026.0, 829.0, 2661.0, 803.0, 1305.0, 1699.0, 1053.0, 1172.0, 470.0, 1218.0, 682.0, 115.0, 2996.0, 843.0, 1048.0, 720.0, 1483.0, 810.0, 980.0, 1822.0, 827.0, 1504.0, 2068.0, 1991.0, 870.0, 456.0, 1347.0, 2815.0, 1222.0, 1666.0, 2414.0, 3040.0, 1123.0, 1545.0, 1020.0, 664.0, 2028.0, 483.0, 1652.0, 2137.0, 2121.0, 1208.0, 2310.0, 749.0, 185.0, 1520.0, 423.0, 3041.0, 1070.0, 296.0, 1053.0, 446.0, 771.0, 1265.0, 898.0, 1860.0, 2158.0, 2866.0, 1433.0, 2995.0, 1948.0, 457.0], [504.0, 1610.0, 544.0, 452.0, 378.0, 1408.0, 240.0, 724.0, 843.0, 2539.0, 1071.0, 353.0, 0.0, 1284.0, 416.0, 2442.0, 1459.0, 1765.0, 2935.0, 1815.0, 907.0, 982.0, 1365.0, 1795.0, 905.0, 750.0, 1489.0, 1165.0, 2383.0, 1330.0, 2176.0, 2114.0, 586.0, 1971.0, 699.0, 1539.0, 83.0, 765.0, 1665.0, 2291.0, 943.0, 2290.0, 380.0, 1642.0, 857.0, 1236.0, 2370.0, 1228.0, 1130.0, 504.0, 1086.0, 807.0, 2579.0, 344.0, 2552.0, 1311.0, 1916.0, 1654.0, 69.0, 2473.0, 747.0, 878.0, 1127.0, 1064.0, 202.0, 1110.0, 1230.0, 2178.0, 2477.0, 831.0, 1399.0, 1254.0, 1913.0, 1030.0, 1617.0, 678.0, 721.0, 558.0, 2125.0, 229.0, 869.0, 2599.0, 898.0, 779.0, 1636.0, 2030.0, 622.0, 1394.0, 1401.0, 2378.0, 1974.0, 2373.0, 2764.0, 1217.0, 1933.0, 1308.0, 1801.0, 1045.0, 160.0, 646.0, 1123.0, 979.0, 2054.0, 2141.0, 736.0, 2195.0, 3003.0, 1313.0, 1327.0, 1722.0, 2937.0, 3183.0, 640.0, 1865.0, 969.0, 343.0, 800.0, 402.0, 626.0, 663.0, 728.0, 2318.0, 504.0, 139.0, 2093.0, 1423.0, 369.0, 1618.0], [1179.0, 1500.0, 1313.0, 1574.0, 1363.0, 1432.0, 1252.0, 1246.0, 1044.0, 1848.0, 1887.0, 724.0, 1284.0, 0.0, 1054.0, 998.0, 3280.0, 2912.0, 2213.0, 413.0, 646.0, 667.0, 1572.0, 358.0, 857.0, 285.0, 435.0, 1395.0, 1650.0, 1287.0, 1082.0, 2334.0, 2361.0, 3136.0, 491.0, 990.0, 1363.0, 444.0, 884.0, 2521.0, 828.0, 909.0, 1833.0, 962.0, 1046.0, 1747.0, 1057.0, 2708.0, 659.0, 913.0, 1430.0, 445.0, 1026.0, 2334.0, 2678.0, 1106.0, 1002.0, 2064.0, 1800.0, 2922.0, 462.0, 348.0, 488.0, 454.0, 868.0, 405.0, 1327.0, 885.0, 325.0, 598.0, 1393.0, 1326.0, 1427.0, 1705.0, 1028.0, 1088.0, 1340.0, 951.0, 2375.0, 1127.0, 1844.0, 951.0, 2739.0, 400.0, 1724.0, 1762.0, 830.0, 1521.0, 1300.0, 1711.0, 2417.0, 669.0, 1310.0, 2706.0, 1073.0, 1936.0, 2236.0, 1021.0, 2879.0, 1748.0, 227.0, 958.0, 1983.0, 2167.0, 1841.0, 230.0, 3061.0, 1901.0, 1174.0, 1481.0, 668.0, 458.0, 1252.0, 1340.0, 402.0, 2146.0, 1023.0, 487.0, 994.0, 721.0, 888.0, 1384.0, 1400.0, 2251.0, 1597.0, 3064.0, 1879.0, 533.0], [308.0, 1002.0, 1270.0, 1068.0, 1344.0, 1360.0, 1220.0, 944.0, 1192.0, 748.0, 1618.0, 1774.0, 416.0, 1054.0, 0.0, 85.0, 1794.0, 117.0, 3213.0, 1155.0, 1008.0, 854.0, 1257.0, 791.0, 1007.0, 2003.0, 210.0, 465.0, 1763.0, 471.0, 424.0, 1330.0, 2457.0, 710.0, 1658.0, 1230.0, 773.0, 1123.0, 1569.0, 1367.0, 1143.0, 891.0, 1126.0, 1457.0, 667.0, 799.0, 1524.0, 1182.0, 2032.0, 960.0, 782.0, 760.0, 1056.0, 781.0, 680.0, 1125.0, 479.0, 1104.0, 2400.0, 1329.0, 1030.0, 496.0, 1395.0, 1082.0, 127.0, 374.0, 937.0, 1106.0, 2695.0, 2206.0, 1236.0, 1305.0, 918.0, 1525.0, 1291.0, 931.0, 836.0, 639.0, 2757.0, 520.0, 789.0, 106.0, 911.0, 1847.0, 1198.0, 1808.0, 896.0, 1732.0, 1418.0, 1371.0, 1750.0, 809.0, 1695.0, 1236.0, 1795.0, 869.0, 2252.0, 641.0, 2622.0, 1516.0, 1243.0, 1462.0, 2077.0, 1861.0, 1867.0, 2297.0, 709.0, 2031.0, 2458.0, 1485.0, 1603.0, 2337.0, 2001.0, 2932.0, 783.0, 1098.0, 2824.0, 80.0, 726.0, 1127.0, 211.0, 2574.0, 262.0, 2748.0, 1391.0, 131.0, 328.0, 1581.0], [1017.0, 1247.0, 269.0, 255.0, 1513.0, 327.0, 589.0, 203.0, 1311.0, 416.0, 627.0, 605.0, 2442.0, 998.0, 85.0, 0.0, 1252.0, 1461.0, 505.0, 1127.0, 111.0, 768.0, 394.0, 425.0, 1214.0, 206.0, 1775.0, 172.0, 2480.0, 204.0, 627.0, 1428.0, 921.0, 246.0, 1745.0, 63.0, 1013.0, 533.0, 1040.0, 2354.0, 861.0, 1206.0, 1246.0, 2180.0, 1300.0, 1653.0, 501.0, 1657.0, 701.0, 2440.0, 1180.0, 770.0, 1349.0, 919.0, 2263.0, 2300.0, 388.0, 590.0, 1346.0, 848.0, 1166.0, 365.0, 1214.0, 549.0, 689.0, 696.0, 1580.0, 143.0, 2940.0, 938.0, 1603.0, 1185.0, 765.0, 1089.0, 1940.0, 1688.0, 1002.0, 747.0, 1451.0, 333.0, 1179.0, 1236.0, 976.0, 646.0, 2993.0, 2305.0, 979.0, 1802.0, 1626.0, 1728.0, 1345.0, 1010.0, 2016.0, 1637.0, 2277.0, 1818.0, 554.0, 377.0, 2754.0, 1084.0, 1925.0, 635.0, 1171.0, 1964.0, 1638.0, 2323.0, 3202.0, 778.0, 2450.0, 2324.0, 1765.0, 2021.0, 819.0, 261.0, 1042.0, 652.0, 1744.0, 1883.0, 1081.0, 859.0, 562.0, 1673.0, 1283.0, 1767.0, 2249.0, 2449.0, 2812.0, 558.0], [1167.0, 1550.0, 1432.0, 965.0, 1249.0, 2375.0, 1160.0, 718.0, 1048.0, 2175.0, 760.0, 1515.0, 1459.0, 3280.0, 1794.0, 1252.0, 0.0, 2358.0, 1752.0, 2920.0, 1230.0, 170.0, 1358.0, 1574.0, 899.0, 672.0, 109.0, 1582.0, 2588.0, 1174.0, 854.0, 694.0, 945.0, 3496.0, 1272.0, 2903.0, 1094.0, 773.0, 980.0, 1184.0, 1194.0, 735.0, 1488.0, 2300.0, 1580.0, 2738.0, 1363.0, 626.0, 835.0, 895.0, 2441.0, 904.0, 233.0, 1232.0, 2613.0, 1515.0, 2316.0, 499.0, 1065.0, 1745.0, 1824.0, 1447.0, 1663.0, 744.0, 414.0, 244.0, 677.0, 622.0, 1970.0, 1145.0, 1426.0, 1686.0, 1431.0, 979.0, 2019.0, 1441.0, 2355.0, 593.0, 2518.0, 1625.0, 1572.0, 636.0, 970.0, 1000.0, 1159.0, 945.0, 1383.0, 1848.0, 1708.0, 1936.0, 1767.0, 1472.0, 1415.0, 2024.0, 821.0, 2059.0, 2176.0, 1759.0, 3098.0, 1298.0, 1526.0, 3235.0, 2037.0, 1065.0, 1741.0, 2181.0, 3228.0, 2000.0, 1035.0, 2382.0, 435.0, 2018.0, 320.0, 2268.0, 2073.0, 2234.0, 1234.0, 998.0, 2830.0, 1190.0, 308.0, 1138.0, 414.0, 2969.0, 709.0, 2946.0, 624.0, 2482.0], [3250.0, 2390.0, 1783.0, 1948.0, 2487.0, 2595.0, 1009.0, 2697.0, 2904.0, 2589.0, 1394.0, 2690.0, 1765.0, 2912.0, 117.0, 1461.0, 2358.0, 0.0, 2659.0, 1434.0, 1777.0, 990.0, 433.0, 715.0, 658.0, 373.0, 357.0, 305.0, 1002.0, 1540.0, 375.0, 411.0, 705.0, 2636.0, 2018.0, 2880.0, 2996.0, 799.0, 1166.0, 1620.0, 1207.0, 1160.0, 564.0, 2542.0, 1700.0, 354.0, 2117.0, 1514.0, 477.0, 1370.0, 240.0, 2383.0, 1881.0, 82.0, 2853.0, 373.0, 864.0, 2376.0, 1002.0, 2224.0, 836.0, 2047.0, 278.0, 319.0, 412.0, 983.0, 1420.0, 394.0, 2058.0, 188.0, 1671.0, 1338.0, 2350.0, 1490.0, 1980.0, 1123.0, 1045.0, 1920.0, 1870.0, 331.0, 126.0, 499.0, 754.0, 981.0, 1380.0, 2151.0, 1370.0, 2282.0, 1754.0, 1779.0, 1975.0, 1094.0, 1376.0, 1357.0, 832.0, 801.0, 926.0, 250.0, 1400.0, 1435.0, 1771.0, 2279.0, 1629.0, 2150.0, 842.0, 2284.0, 3047.0, 2026.0, 2851.0, 194.0, 509.0, 2900.0, 538.0, 1575.0, 196.0, 929.0, 2897.0, 587.0, 1685.0, 2963.0, 653.0, 1438.0, 653.0, 2064.0, 2170.0, 1965.0, 945.0, 280.0], [622.0, 3229.0, 2678.0, 1842.0, 1850.0, 2717.0, 2898.0, 1473.0, 2981.0, 3128.0, 2880.0, 1858.0, 2935.0, 2213.0, 3213.0, 505.0, 1752.0, 2659.0, 0.0, 899.0, 509.0, 1985.0, 1580.0, 935.0, 1000.0, 1801.0, 73.0, 663.0, 2690.0, 1507.0, 677.0, 1288.0, 511.0, 2029.0, 1156.0, 386.0, 2695.0, 2746.0, 871.0, 1558.0, 750.0, 1081.0, 1365.0, 1552.0, 1942.0, 169.0, 558.0, 2455.0, 612.0, 339.0, 418.0, 614.0, 3353.0, 1674.0, 3035.0, 51.0, 694.0, 1017.0, 2371.0, 2295.0, 791.0, 993.0, 977.0, 1651.0, 549.0, 824.0, 475.0, 381.0, 2027.0, 859.0, 715.0, 1583.0, 682.0, 2142.0, 1871.0, 1021.0, 476.0, 1100.0, 848.0, 973.0, 1349.0, 1701.0, 516.0, 539.0, 1163.0, 3125.0, 1126.0, 1265.0, 2179.0, 1825.0, 1753.0, 1035.0, 1398.0, 1246.0, 471.0, 895.0, 1212.0, 2928.0, 3022.0, 481.0, 1945.0, 3009.0, 535.0, 1105.0, 1850.0, 1385.0, 3150.0, 1955.0, 2812.0, 2484.0, 2399.0, 2958.0, 902.0, 1512.0, 1097.0, 1388.0, 441.0, 2108.0, 1167.0, 1818.0, 2398.0, 1412.0, 569.0, 1608.0, 1293.0, 3166.0, 1208.0, 1012.0], [2947.0, 2890.0, 360.0, 820.0, 1192.0, 1097.0, 605.0, 904.0, 2015.0, 828.0, 386.0, 703.0, 1815.0, 413.0, 1155.0, 1127.0, 2920.0, 1434.0, 899.0, 0.0, 676.0, 551.0, 1403.0, 302.0, 212.0, 636.0, 1573.0, 273.0, 2897.0, 1593.0, 1300.0, 1681.0, 800.0, 2164.0, 767.0, 883.0, 1439.0, 2455.0, 2088.0, 2378.0, 950.0, 624.0, 702.0, 2419.0, 901.0, 146.0, 751.0, 195.0, 1657.0, 1227.0, 622.0, 1084.0, 741.0, 3108.0, 1430.0, 1120.0, 989.0, 557.0, 1524.0, 637.0, 917.0, 759.0, 675.0, 2197.0, 1258.0, 1156.0, 910.0, 670.0, 1619.0, 148.0, 874.0, 627.0, 927.0, 896.0, 1029.0, 1406.0, 323.0, 999.0, 2841.0, 2884.0, 958.0, 485.0, 1663.0, 866.0, 1072.0, 2050.0, 2165.0, 2025.0, 1286.0, 2322.0, 1799.0, 786.0, 1574.0, 1374.0, 1397.0, 414.0, 1876.0, 1159.0, 963.0, 1326.0, 367.0, 3025.0, 1366.0, 748.0, 1390.0, 2306.0, 2251.0, 2049.0, 2502.0, 2510.0, 94.0, 606.0, 892.0, 2615.0, 1301.0, 1217.0, 2051.0, 1195.0, 2793.0, 1300.0, 1253.0, 1003.0, 227.0, 1908.0, 1095.0, 2262.0, 431.0, 861.0], [1240.0, 2198.0, 1725.0, 1600.0, 708.0, 841.0, 1138.0, 805.0, 913.0, 848.0, 1015.0, 1222.0, 907.0, 646.0, 1008.0, 111.0, 1230.0, 1777.0, 509.0, 676.0, 0.0, 436.0, 156.0, 2750.0, 1222.0, 1117.0, 321.0, 1380.0, 2582.0, 1308.0, 751.0, 1707.0, 1198.0, 2733.0, 1075.0, 1164.0, 462.0, 1146.0, 2186.0, 645.0, 415.0, 824.0, 754.0, 1521.0, 1819.0, 1055.0, 932.0, 509.0, 1011.0, 2187.0, 270.0, 58.0, 1144.0, 496.0, 175.0, 1410.0, 168.0, 842.0, 316.0, 1826.0, 1575.0, 793.0, 1129.0, 1193.0, 1858.0, 727.0, 197.0, 489.0, 2295.0, 638.0, 786.0, 786.0, 727.0, 1141.0, 1998.0, 2083.0, 1168.0, 934.0, 2939.0, 42.0, 1262.0, 1051.0, 751.0, 1265.0, 920.0, 2460.0, 841.0, 3064.0, 1922.0, 971.0, 2296.0, 837.0, 1750.0, 1582.0, 344.0, 1193.0, 1167.0, 950.0, 1954.0, 1824.0, 1837.0, 1327.0, 1224.0, 857.0, 888.0, 1242.0, 3211.0, 1179.0, 2605.0, 2368.0, 127.0, 3099.0, 1511.0, 2673.0, 859.0, 1237.0, 1735.0, 1262.0, 434.0, 2961.0, 742.0, 497.0, 2028.0, 1795.0, 1344.0, 1806.0, 657.0, 661.0], [244.0, 1000.0, 2260.0, 1933.0, 1360.0, 468.0, 757.0, 1023.0, 565.0, 673.0, 1056.0, 775.0, 982.0, 667.0, 854.0, 768.0, 170.0, 990.0, 1985.0, 551.0, 436.0, 0.0, 1026.0, 1306.0, 1766.0, 98.0, 889.0, 563.0, 1387.0, 1427.0, 827.0, 1687.0, 1663.0, 2841.0, 1253.0, 1053.0, 1401.0, 69.0, 1206.0, 648.0, 2557.0, 511.0, 869.0, 1772.0, 860.0, 322.0, 591.0, 497.0, 1131.0, 268.0, 2040.0, 941.0, 945.0, 899.0, 2536.0, 2890.0, 1596.0, 328.0, 178.0, 2639.0, 1133.0, 2029.0, 1255.0, 741.0, 804.0, 1262.0, 1989.0, 872.0, 1957.0, 414.0, 353.0, 735.0, 73.0, 781.0, 2243.0, 985.0, 2763.0, 1065.0, 2956.0, 691.0, 1691.0, 2960.0, 1191.0, 618.0, 1889.0, 2853.0, 1434.0, 1758.0, 2961.0, 2168.0, 936.0, 201.0, 1830.0, 1654.0, 390.0, 326.0, 583.0, 1500.0, 2341.0, 274.0, 1415.0, 2949.0, 758.0, 1001.0, 1166.0, 387.0, 1467.0, 2009.0, 1706.0, 2471.0, 419.0, 3125.0, 1328.0, 624.0, 989.0, 2035.0, 1732.0, 1180.0, 2057.0, 306.0, 2439.0, 1023.0, 1226.0, 537.0, 784.0, 2106.0, 1105.0, 322.0], [601.0, 393.0, 1549.0, 1824.0, 1351.0, 1909.0, 1058.0, 572.0, 880.0, 1155.0, 1263.0, 534.0, 1365.0, 1572.0, 1257.0, 394.0, 1358.0, 433.0, 1580.0, 1403.0, 156.0, 1026.0, 0.0, 386.0, 298.0, 2932.0, 408.0, 696.0, 2683.0, 1415.0, 620.0, 1366.0, 1176.0, 1255.0, 1361.0, 655.0, 1631.0, 1086.0, 1153.0, 2738.0, 2526.0, 2486.0, 1046.0, 1822.0, 1146.0, 1413.0, 673.0, 772.0, 1373.0, 461.0, 1182.0, 2102.0, 1144.0, 738.0, 2366.0, 1307.0, 3074.0, 1577.0, 993.0, 2889.0, 740.0, 1168.0, 761.0, 678.0, 600.0, 199.0, 2589.0, 950.0, 2578.0, 260.0, 1054.0, 265.0, 1013.0, 160.0, 1320.0, 1230.0, 259.0, 2062.0, 2772.0, 838.0, 1696.0, 175.0, 2768.0, 379.0, 1155.0, 1362.0, 1805.0, 2333.0, 1655.0, 3142.0, 2142.0, 2078.0, 2193.0, 1700.0, 1030.0, 453.0, 1226.0, 2027.0, 1674.0, 967.0, 799.0, 241.0, 1146.0, 869.0, 1254.0, 932.0, 1019.0, 1701.0, 2906.0, 1572.0, 413.0, 2944.0, 1289.0, 3008.0, 1535.0, 2093.0, 2614.0, 1215.0, 1437.0, 2190.0, 665.0, 808.0, 815.0, 1010.0, 1260.0, 1993.0, 851.0, 807.0], [1366.0, 776.0, 1016.0, 1128.0, 2999.0, 2698.0, 1473.0, 471.0, 1404.0, 1634.0, 738.0, 234.0, 1795.0, 358.0, 791.0, 425.0, 1574.0, 715.0, 935.0, 302.0, 2750.0, 1306.0, 386.0, 0.0, 668.0, 1488.0, 2704.0, 490.0, 1758.0, 1227.0, 1101.0, 1521.0, 889.0, 2943.0, 357.0, 967.0, 711.0, 1316.0, 469.0, 2033.0, 773.0, 2400.0, 2003.0, 1923.0, 1161.0, 823.0, 828.0, 238.0, 374.0, 686.0, 1214.0, 524.0, 2997.0, 899.0, 2334.0, 1788.0, 579.0, 3057.0, 1479.0, 2641.0, 980.0, 72.0, 889.0, 2252.0, 639.0, 403.0, 1535.0, 1550.0, 1335.0, 700.0, 862.0, 1003.0, 607.0, 1072.0, 1362.0, 697.0, 504.0, 961.0, 30.0, 140.0, 1636.0, 841.0, 821.0, 2484.0, 1483.0, 2630.0, 471.0, 2704.0, 2230.0, 1965.0, 3116.0, 433.0, 1376.0, 2135.0, 1118.0, 925.0, 1434.0, 1537.0, 1429.0, 303.0, 1387.0, 1985.0, 1670.0, 892.0, 569.0, 751.0, 1163.0, 568.0, 236.0, 2493.0, 1184.0, 3047.0, 946.0, 2969.0, 958.0, 374.0, 2672.0, 1925.0, 1412.0, 1605.0, 1625.0, 2365.0, 2336.0, 1506.0, 1053.0, 429.0, 1133.0, 554.0], [1008.0, 373.0, 253.0, 305.0, 1178.0, 2007.0, 1714.0, 1538.0, 700.0, 537.0, 833.0, 795.0, 905.0, 857.0, 1007.0, 1214.0, 899.0, 658.0, 1000.0, 212.0, 1222.0, 1766.0, 298.0, 668.0, 0.0, 522.0, 1260.0, 2511.0, 2905.0, 1132.0, 615.0, 1638.0, 1010.0, 3150.0, 1463.0, 2005.0, 207.0, 294.0, 238.0, 1232.0, 778.0, 869.0, 1973.0, 1131.0, 1560.0, 1063.0, 359.0, 1130.0, 1250.0, 504.0, 1529.0, 644.0, 1231.0, 2752.0, 2220.0, 757.0, 1090.0, 732.0, 2959.0, 1742.0, 1197.0, 443.0, 1375.0, 1200.0, 1859.0, 529.0, 1257.0, 532.0, 1563.0, 1207.0, 1337.0, 822.0, 1300.0, 449.0, 1421.0, 249.0, 596.0, 1206.0, 2990.0, 2846.0, 1620.0, 1004.0, 156.0, 916.0, 2893.0, 2237.0, 1623.0, 1371.0, 2601.0, 2477.0, 2004.0, 627.0, 1936.0, 1257.0, 1291.0, 1013.0, 991.0, 1383.0, 1691.0, 825.0, 678.0, 2686.0, 486.0, 2194.0, 1146.0, 1025.0, 193.0, 1439.0, 1428.0, 1339.0, 103.0, 2148.0, 1049.0, 2659.0, 984.0, 2150.0, 323.0, 2021.0, 2476.0, 1580.0, 1243.0, 164.0, 1163.0, 324.0, 1109.0, 1208.0, 2917.0, 786.0], [1190.0, 278.0, 1548.0, 958.0, 1198.0, 1034.0, 3164.0, 2880.0, 1366.0, 512.0, 1527.0, 1757.0, 750.0, 285.0, 2003.0, 206.0, 672.0, 373.0, 1801.0, 636.0, 1117.0, 98.0, 2932.0, 1488.0, 522.0, 0.0, 300.0, 1067.0, 132.0, 1892.0, 433.0, 1319.0, 1494.0, 2835.0, 1670.0, 891.0, 1818.0, 210.0, 1040.0, 1345.0, 807.0, 744.0, 1404.0, 1687.0, 1470.0, 888.0, 435.0, 540.0, 470.0, 507.0, 802.0, 886.0, 961.0, 1108.0, 270.0, 1649.0, 656.0, 1243.0, 1241.0, 993.0, 508.0, 908.0, 1630.0, 210.0, 1004.0, 1469.0, 1194.0, 438.0, 1806.0, 1807.0, 786.0, 1286.0, 1167.0, 1359.0, 915.0, 988.0, 496.0, 356.0, 3235.0, 1081.0, 1373.0, 126.0, 94.0, 1144.0, 1225.0, 126.0, 1359.0, 2522.0, 1277.0, 2870.0, 2451.0, 718.0, 2975.0, 1878.0, 2077.0, 1291.0, 1037.0, 1341.0, 1899.0, 430.0, 604.0, 2006.0, 1137.0, 192.0, 1898.0, 675.0, 1930.0, 1299.0, 196.0, 272.0, 2940.0, 3108.0, 196.0, 2762.0, 913.0, 2176.0, 2813.0, 640.0, 2534.0, 2644.0, 1236.0, 1141.0, 1490.0, 2798.0, 1775.0, 1704.0, 1796.0, 2587.0], [315.0, 962.0, 434.0, 1320.0, 730.0, 970.0, 719.0, 2936.0, 2652.0, 1051.0, 268.0, 1285.0, 1489.0, 435.0, 210.0, 1775.0, 109.0, 357.0, 73.0, 1573.0, 321.0, 889.0, 408.0, 2704.0, 1260.0, 300.0, 0.0, 118.0, 1454.0, 2082.0, 1025.0, 1351.0, 808.0, 1640.0, 1355.0, 449.0, 283.0, 1578.0, 1406.0, 2074.0, 707.0, 681.0, 978.0, 2258.0, 1502.0, 3029.0, 1177.0, 780.0, 603.0, 862.0, 1433.0, 429.0, 1276.0, 864.0, 2617.0, 2637.0, 998.0, 674.0, 1752.0, 2099.0, 1988.0, 1156.0, 1612.0, 484.0, 243.0, 471.0, 2524.0, 564.0, 2233.0, 788.0, 1447.0, 703.0, 1422.0, 1200.0, 1689.0, 327.0, 809.0, 489.0, 2265.0, 1198.0, 1654.0, 2924.0, 961.0, 1211.0, 560.0, 2972.0, 1137.0, 2277.0, 2419.0, 1379.0, 2844.0, 128.0, 1651.0, 2917.0, 1054.0, 1873.0, 1534.0, 1392.0, 1837.0, 615.0, 737.0, 1136.0, 806.0, 575.0, 142.0, 2179.0, 380.0, 730.0, 1192.0, 1006.0, 2444.0, 1478.0, 1383.0, 1863.0, 1007.0, 2079.0, 2839.0, 2024.0, 463.0, 2702.0, 2122.0, 1359.0, 1424.0, 529.0, 2042.0, 293.0, 1285.0, 1498.0], [326.0, 428.0, 769.0, 291.0, 1127.0, 537.0, 777.0, 976.0, 2760.0, 2459.0, 1321.0, 198.0, 1165.0, 1395.0, 465.0, 172.0, 1582.0, 305.0, 663.0, 273.0, 1380.0, 563.0, 696.0, 490.0, 2511.0, 1067.0, 118.0, 0.0, 2351.0, 887.0, 2228.0, 1986.0, 908.0, 2936.0, 278.0, 766.0, 746.0, 267.0, 1537.0, 2253.0, 561.0, 662.0, 190.0, 2032.0, 1895.0, 2745.0, 2580.0, 1159.0, 679.0, 272.0, 991.0, 763.0, 1401.0, 1179.0, 2810.0, 231.0, 2734.0, 1151.0, 792.0, 1831.0, 967.0, 2636.0, 727.0, 673.0, 565.0, 850.0, 1716.0, 1550.0, 2359.0, 626.0, 585.0, 1364.0, 788.0, 1532.0, 1446.0, 1275.0, 858.0, 647.0, 2312.0, 722.0, 1899.0, 1247.0, 3064.0, 774.0, 422.0, 2910.0, 1976.0, 366.0, 2183.0, 2647.0, 1353.0, 410.0, 2244.0, 1611.0, 2009.0, 1035.0, 747.0, 755.0, 1883.0, 316.0, 945.0, 2065.0, 828.0, 527.0, 841.0, 516.0, 3082.0, 1221.0, 1813.0, 659.0, 2815.0, 977.0, 1671.0, 3039.0, 629.0, 2182.0, 2658.0, 2050.0, 2819.0, 504.0, 2180.0, 534.0, 1366.0, 1545.0, 1047.0, 2996.0, 2982.0, 987.0], [2452.0, 2645.0, 2873.0, 1707.0, 2691.0, 1344.0, 1926.0, 1718.0, 2796.0, 500.0, 238.0, 3156.0, 2383.0, 1650.0, 1763.0, 2480.0, 2588.0, 1002.0, 2690.0, 2897.0, 2582.0, 1387.0, 2683.0, 1758.0, 2905.0, 132.0, 1454.0, 2351.0, 0.0, 1338.0, 727.0, 2228.0, 1475.0, 2011.0, 1456.0, 1805.0, 391.0, 524.0, 1459.0, 888.0, 972.0, 624.0, 269.0, 1015.0, 1432.0, 1220.0, 2124.0, 2761.0, 1153.0, 512.0, 844.0, 797.0, 1383.0, 1184.0, 3038.0, 363.0, 871.0, 2794.0, 1658.0, 2240.0, 1382.0, 960.0, 1580.0, 1395.0, 786.0, 1165.0, 509.0, 758.0, 538.0, 705.0, 964.0, 497.0, 1151.0, 580.0, 1972.0, 1116.0, 1096.0, 157.0, 2322.0, 1363.0, 1004.0, 1347.0, 254.0, 2172.0, 1365.0, 2795.0, 1710.0, 2875.0, 372.0, 2254.0, 2621.0, 1180.0, 2615.0, 2186.0, 720.0, 2035.0, 1380.0, 2633.0, 2380.0, 404.0, 727.0, 2273.0, 905.0, 1213.0, 397.0, 786.0, 1375.0, 1629.0, 1043.0, 1212.0, 2920.0, 1077.0, 1721.0, 784.0, 967.0, 1267.0, 2761.0, 1979.0, 2830.0, 2952.0, 191.0, 664.0, 2153.0, 1763.0, 1593.0, 727.0, 160.0, 2660.0], [1958.0, 1452.0, 1484.0, 1799.0, 921.0, 1703.0, 1043.0, 1096.0, 1226.0, 1005.0, 2026.0, 2152.0, 1330.0, 1287.0, 471.0, 204.0, 1174.0, 1540.0, 1507.0, 1593.0, 1308.0, 1427.0, 1415.0, 1227.0, 1132.0, 1892.0, 2082.0, 887.0, 1338.0, 0.0, 461.0, 1110.0, 2398.0, 3158.0, 531.0, 476.0, 1616.0, 134.0, 1174.0, 2336.0, 1713.0, 997.0, 960.0, 858.0, 449.0, 375.0, 1537.0, 2462.0, 1884.0, 923.0, 1030.0, 225.0, 1772.0, 1266.0, 1872.0, 248.0, 622.0, 724.0, 2706.0, 1764.0, 485.0, 1443.0, 1149.0, 2875.0, 1013.0, 886.0, 181.0, 566.0, 2019.0, 1704.0, 1090.0, 876.0, 386.0, 975.0, 661.0, 1448.0, 1007.0, 927.0, 1914.0, 500.0, 1018.0, 831.0, 351.0, 1329.0, 3312.0, 2901.0, 1595.0, 2609.0, 2772.0, 80.0, 2228.0, 162.0, 1318.0, 2557.0, 1300.0, 700.0, 2354.0, 924.0, 1029.0, 755.0, 793.0, 1734.0, 1022.0, 611.0, 911.0, 886.0, 1404.0, 555.0, 3133.0, 634.0, 1222.0, 90.0, 1546.0, 1080.0, 2266.0, 2159.0, 1862.0, 2073.0, 2520.0, 2978.0, 2387.0, 1869.0, 2249.0, 470.0, 1797.0, 1734.0, 2144.0, 473.0], [892.0, 2120.0, 572.0, 692.0, 934.0, 463.0, 811.0, 836.0, 278.0, 518.0, 722.0, 2347.0, 2176.0, 1082.0, 424.0, 627.0, 854.0, 375.0, 677.0, 1300.0, 751.0, 827.0, 620.0, 1101.0, 615.0, 433.0, 1025.0, 2228.0, 727.0, 461.0, 0.0, 1479.0, 1000.0, 277.0, 1678.0, 1145.0, 681.0, 1376.0, 1293.0, 2483.0, 937.0, 1587.0, 1231.0, 2017.0, 463.0, 1392.0, 496.0, 1504.0, 1786.0, 2493.0, 826.0, 465.0, 1223.0, 1543.0, 2856.0, 954.0, 937.0, 455.0, 290.0, 783.0, 1193.0, 439.0, 1045.0, 917.0, 2493.0, 867.0, 1148.0, 880.0, 2288.0, 995.0, 1182.0, 1002.0, 387.0, 217.0, 1238.0, 549.0, 1040.0, 746.0, 2590.0, 1209.0, 1168.0, 1501.0, 808.0, 1536.0, 298.0, 846.0, 1941.0, 2494.0, 2506.0, 2989.0, 84.0, 530.0, 2433.0, 1223.0, 1493.0, 1307.0, 1296.0, 360.0, 2195.0, 1529.0, 1242.0, 1710.0, 275.0, 576.0, 496.0, 1278.0, 1716.0, 1209.0, 1111.0, 2366.0, 2844.0, 1827.0, 2029.0, 380.0, 1605.0, 1306.0, 2822.0, 1167.0, 2623.0, 2688.0, 2413.0, 795.0, 608.0, 600.0, 1728.0, 1896.0, 1776.0, 1814.0], [1031.0, 223.0, 2104.0, 1593.0, 1578.0, 1893.0, 1144.0, 1842.0, 1266.0, 1257.0, 1349.0, 1038.0, 2114.0, 2334.0, 1330.0, 1428.0, 694.0, 411.0, 1288.0, 1681.0, 1707.0, 1687.0, 1366.0, 1521.0, 1638.0, 1319.0, 1351.0, 1986.0, 2228.0, 1110.0, 1479.0, 0.0, 996.0, 1707.0, 1324.0, 1190.0, 932.0, 386.0, 1396.0, 2235.0, 656.0, 1000.0, 1227.0, 2285.0, 1421.0, 1622.0, 1024.0, 373.0, 1513.0, 2194.0, 2127.0, 780.0, 1463.0, 1016.0, 1509.0, 71.0, 1116.0, 770.0, 211.0, 2653.0, 1735.0, 1302.0, 959.0, 1428.0, 796.0, 2243.0, 1634.0, 873.0, 2528.0, 411.0, 923.0, 1136.0, 425.0, 545.0, 1102.0, 1008.0, 1230.0, 1107.0, 2252.0, 349.0, 571.0, 575.0, 909.0, 583.0, 53.0, 2712.0, 1539.0, 2840.0, 2391.0, 2816.0, 2963.0, 2439.0, 2210.0, 2375.0, 947.0, 1519.0, 1689.0, 1208.0, 3200.0, 498.0, 1178.0, 2307.0, 244.0, 538.0, 613.0, 970.0, 2181.0, 865.0, 445.0, 703.0, 801.0, 277.0, 727.0, 616.0, 2040.0, 473.0, 1375.0, 2033.0, 1724.0, 2791.0, 2166.0, 813.0, 2252.0, 2260.0, 1858.0, 566.0, 1750.0, 1488.0], [530.0, 556.0, 419.0, 2274.0, 1110.0, 1067.0, 1382.0, 890.0, 1361.0, 1138.0, 800.0, 1000.0, 586.0, 2361.0, 2457.0, 921.0, 945.0, 705.0, 511.0, 800.0, 1198.0, 1663.0, 1176.0, 889.0, 1010.0, 1494.0, 808.0, 908.0, 1475.0, 2398.0, 1000.0, 996.0, 0.0, 2604.0, 351.0, 2897.0, 225.0, 692.0, 1093.0, 1316.0, 771.0, 747.0, 1305.0, 1571.0, 1685.0, 604.0, 1290.0, 1205.0, 863.0, 1283.0, 2225.0, 2329.0, 264.0, 1256.0, 2091.0, 1312.0, 1023.0, 1117.0, 167.0, 2829.0, 744.0, 2383.0, 855.0, 608.0, 1279.0, 460.0, 3114.0, 793.0, 2713.0, 649.0, 1047.0, 835.0, 1670.0, 591.0, 1536.0, 95.0, 1593.0, 726.0, 2873.0, 784.0, 1436.0, 1318.0, 866.0, 1254.0, 1056.0, 2957.0, 1512.0, 1169.0, 2737.0, 2701.0, 2855.0, 481.0, 462.0, 2129.0, 1464.0, 743.0, 2082.0, 601.0, 1928.0, 1537.0, 995.0, 432.0, 506.0, 626.0, 246.0, 937.0, 1800.0, 787.0, 1179.0, 926.0, 1880.0, 2979.0, 1920.0, 1758.0, 2056.0, 1034.0, 686.0, 1549.0, 2828.0, 1892.0, 2269.0, 588.0, 2278.0, 233.0, 1487.0, 640.0, 2665.0, 1470.0], [2675.0, 2505.0, 2422.0, 2359.0, 409.0, 2705.0, 2898.0, 3126.0, 1960.0, 2944.0, 1597.0, 2179.0, 1971.0, 3136.0, 710.0, 246.0, 3496.0, 2636.0, 2029.0, 2164.0, 2733.0, 2841.0, 1255.0, 2943.0, 3150.0, 2835.0, 1640.0, 2936.0, 2011.0, 3158.0, 277.0, 1707.0, 2604.0, 0.0, 1124.0, 1424.0, 2747.0, 551.0, 1074.0, 2290.0, 1515.0, 834.0, 1261.0, 2359.0, 922.0, 182.0, 643.0, 1449.0, 171.0, 206.0, 1161.0, 2137.0, 3012.0, 145.0, 1883.0, 722.0, 1487.0, 876.0, 1023.0, 3057.0, 937.0, 173.0, 1179.0, 1334.0, 250.0, 762.0, 1433.0, 2266.0, 1105.0, 912.0, 1287.0, 996.0, 99.0, 1462.0, 1662.0, 554.0, 746.0, 1309.0, 1572.0, 111.0, 1255.0, 374.0, 1181.0, 412.0, 1034.0, 2285.0, 1757.0, 2411.0, 1190.0, 2918.0, 2740.0, 706.0, 2786.0, 388.0, 1340.0, 1487.0, 591.0, 346.0, 2503.0, 353.0, 2047.0, 2152.0, 1375.0, 358.0, 334.0, 592.0, 1741.0, 974.0, 2157.0, 1073.0, 2402.0, 1272.0, 1745.0, 478.0, 358.0, 895.0, 974.0, 553.0, 832.0, 2961.0, 1370.0, 682.0, 2207.0, 266.0, 1691.0, 2458.0, 2723.0, 2367.0], [1518.0, 1327.0, 1461.0, 943.0, 1238.0, 1265.0, 1225.0, 1418.0, 1646.0, 500.0, 1464.0, 195.0, 699.0, 491.0, 1658.0, 1745.0, 1272.0, 2018.0, 1156.0, 767.0, 1075.0, 1253.0, 1361.0, 357.0, 1463.0, 1670.0, 1355.0, 278.0, 1456.0, 531.0, 1678.0, 1324.0, 351.0, 1124.0, 0.0, 962.0, 1303.0, 2507.0, 1758.0, 1573.0, 569.0, 1389.0, 1181.0, 2221.0, 1759.0, 1868.0, 697.0, 640.0, 479.0, 929.0, 1017.0, 1140.0, 3107.0, 2857.0, 3048.0, 962.0, 927.0, 1479.0, 253.0, 1923.0, 1165.0, 272.0, 1394.0, 2622.0, 1138.0, 388.0, 1944.0, 614.0, 413.0, 814.0, 1445.0, 1236.0, 1140.0, 135.0, 660.0, 679.0, 211.0, 298.0, 1696.0, 1778.0, 1704.0, 809.0, 1063.0, 973.0, 1199.0, 1982.0, 1232.0, 2656.0, 2308.0, 875.0, 2892.0, 815.0, 2487.0, 2728.0, 1718.0, 1339.0, 1859.0, 1718.0, 2874.0, 806.0, 807.0, 3127.0, 488.0, 1899.0, 559.0, 643.0, 1495.0, 1091.0, 1090.0, 1465.0, 1735.0, 1301.0, 879.0, 2962.0, 1980.0, 878.0, 213.0, 1298.0, 901.0, 904.0, 2396.0, 631.0, 2301.0, 517.0, 1717.0, 200.0, 440.0, 2425.0], [1648.0, 3126.0, 542.0, 975.0, 712.0, 961.0, 2773.0, 1039.0, 782.0, 1097.0, 1168.0, 1191.0, 1539.0, 990.0, 1230.0, 63.0, 2903.0, 2880.0, 386.0, 883.0, 1164.0, 1053.0, 655.0, 967.0, 2005.0, 891.0, 449.0, 766.0, 1805.0, 476.0, 1145.0, 1190.0, 2897.0, 1424.0, 962.0, 0.0, 383.0, 1063.0, 2125.0, 2568.0, 858.0, 663.0, 1058.0, 2235.0, 1809.0, 60.0, 1170.0, 306.0, 852.0, 1162.0, 465.0, 376.0, 217.0, 2862.0, 535.0, 1057.0, 1167.0, 889.0, 1381.0, 2892.0, 272.0, 500.0, 1570.0, 366.0, 2240.0, 539.0, 979.0, 1035.0, 2290.0, 2294.0, 312.0, 1357.0, 1482.0, 1226.0, 1339.0, 1403.0, 85.0, 499.0, 2101.0, 2378.0, 404.0, 217.0, 1132.0, 525.0, 1407.0, 2449.0, 782.0, 2131.0, 2553.0, 2618.0, 840.0, 399.0, 2339.0, 2462.0, 1817.0, 1556.0, 1466.0, 420.0, 1437.0, 1199.0, 1317.0, 2072.0, 1326.0, 102.0, 1603.0, 44.0, 1546.0, 283.0, 876.0, 1157.0, 1251.0, 1613.0, 1133.0, 1089.0, 1056.0, 817.0, 1541.0, 1161.0, 428.0, 960.0, 1059.0, 804.0, 1395.0, 541.0, 1782.0, 235.0, 2906.0, 93.0], [1157.0, 1461.0, 2941.0, 1358.0, 1839.0, 808.0, 1700.0, 2688.0, 282.0, 389.0, 201.0, 1005.0, 83.0, 1363.0, 773.0, 1013.0, 1094.0, 2996.0, 2695.0, 1439.0, 462.0, 1401.0, 1631.0, 711.0, 207.0, 1818.0, 283.0, 746.0, 391.0, 1616.0, 681.0, 932.0, 225.0, 2747.0, 1303.0, 383.0, 0.0, 116.0, 885.0, 542.0, 1236.0, 732.0, 1106.0, 1915.0, 1635.0, 526.0, 796.0, 1557.0, 1116.0, 358.0, 277.0, 641.0, 1077.0, 431.0, 183.0, 2945.0, 105.0, 1129.0, 791.0, 1777.0, 983.0, 700.0, 1798.0, 150.0, 325.0, 1887.0, 1850.0, 168.0, 2175.0, 802.0, 1691.0, 394.0, 728.0, 1541.0, 1682.0, 253.0, 2083.0, 625.0, 2528.0, 1324.0, 1073.0, 1887.0, 779.0, 170.0, 1467.0, 1840.0, 1520.0, 1681.0, 2028.0, 2863.0, 2657.0, 2403.0, 2751.0, 2347.0, 1308.0, 1843.0, 708.0, 1085.0, 2692.0, 398.0, 1710.0, 2462.0, 601.0, 1103.0, 304.0, 1884.0, 906.0, 223.0, 1482.0, 1109.0, 1752.0, 2078.0, 539.0, 689.0, 1016.0, 2013.0, 205.0, 754.0, 587.0, 500.0, 536.0, 2422.0, 2261.0, 1096.0, 1871.0, 550.0, 2932.0, 2576.0], [417.0, 862.0, 1221.0, 2701.0, 1014.0, 1497.0, 493.0, 1356.0, 2448.0, 189.0, 207.0, 458.0, 765.0, 444.0, 1123.0, 533.0, 773.0, 799.0, 2746.0, 2455.0, 1146.0, 69.0, 1086.0, 1316.0, 294.0, 210.0, 1578.0, 267.0, 524.0, 134.0, 1376.0, 386.0, 692.0, 551.0, 2507.0, 1063.0, 116.0, 0.0, 1204.0, 1112.0, 2540.0, 1299.0, 775.0, 2104.0, 1254.0, 228.0, 1053.0, 478.0, 995.0, 407.0, 904.0, 871.0, 1388.0, 919.0, 3408.0, 2644.0, 2940.0, 265.0, 1031.0, 2168.0, 410.0, 446.0, 664.0, 465.0, 442.0, 929.0, 2861.0, 874.0, 2009.0, 1272.0, 1021.0, 1774.0, 1253.0, 942.0, 1922.0, 1142.0, 541.0, 1382.0, 2654.0, 1074.0, 758.0, 2487.0, 1642.0, 966.0, 1453.0, 2717.0, 762.0, 2419.0, 1578.0, 2302.0, 2902.0, 938.0, 1280.0, 2693.0, 1155.0, 1371.0, 2201.0, 2977.0, 2312.0, 995.0, 271.0, 2855.0, 705.0, 235.0, 1356.0, 259.0, 2787.0, 581.0, 1570.0, 779.0, 1960.0, 1697.0, 984.0, 1276.0, 1717.0, 439.0, 2693.0, 1083.0, 1547.0, 496.0, 775.0, 1947.0, 1561.0, 242.0, 1276.0, 529.0, 2709.0, 2602.0], [1222.0, 1566.0, 827.0, 1229.0, 2402.0, 285.0, 326.0, 758.0, 134.0, 2001.0, 1318.0, 1350.0, 1665.0, 884.0, 1569.0, 1040.0, 980.0, 1166.0, 871.0, 2088.0, 2186.0, 1206.0, 1153.0, 469.0, 238.0, 1040.0, 1406.0, 1537.0, 1459.0, 1174.0, 1293.0, 1396.0, 1093.0, 1074.0, 1758.0, 2125.0, 885.0, 1204.0, 0.0, 2014.0, 1069.0, 2414.0, 1579.0, 1763.0, 1641.0, 1666.0, 695.0, 846.0, 1190.0, 1317.0, 1270.0, 415.0, 1252.0, 1143.0, 2548.0, 1402.0, 2828.0, 3021.0, 930.0, 2157.0, 211.0, 1058.0, 1633.0, 939.0, 684.0, 1049.0, 450.0, 1967.0, 1985.0, 246.0, 1165.0, 933.0, 2489.0, 1103.0, 2019.0, 1457.0, 863.0, 586.0, 690.0, 1011.0, 1192.0, 1433.0, 2006.0, 1502.0, 1183.0, 2536.0, 1796.0, 1661.0, 2316.0, 1888.0, 2276.0, 1145.0, 2256.0, 1206.0, 1811.0, 1218.0, 2206.0, 208.0, 138.0, 757.0, 1506.0, 1364.0, 1087.0, 372.0, 227.0, 853.0, 1139.0, 1334.0, 1037.0, 830.0, 1659.0, 1638.0, 506.0, 2059.0, 1038.0, 821.0, 986.0, 1746.0, 421.0, 1680.0, 700.0, 2268.0, 319.0, 2852.0, 1700.0, 1294.0, 2812.0, 2411.0], [1583.0, 2101.0, 2351.0, 2355.0, 1105.0, 819.0, 1856.0, 1686.0, 1702.0, 1540.0, 418.0, 2115.0, 2291.0, 2521.0, 1367.0, 2354.0, 1184.0, 1620.0, 1558.0, 2378.0, 645.0, 648.0, 2738.0, 2033.0, 1232.0, 1345.0, 2074.0, 2253.0, 888.0, 2336.0, 2483.0, 2235.0, 1316.0, 2290.0, 1573.0, 2568.0, 542.0, 1112.0, 2014.0, 0.0, 829.0, 943.0, 1957.0, 2633.0, 1113.0, 490.0, 949.0, 456.0, 1258.0, 506.0, 1516.0, 629.0, 869.0, 1007.0, 1912.0, 417.0, 465.0, 2811.0, 3016.0, 2685.0, 33.0, 468.0, 596.0, 518.0, 557.0, 1291.0, 366.0, 644.0, 160.0, 1129.0, 748.0, 1077.0, 186.0, 2281.0, 676.0, 1031.0, 1205.0, 801.0, 2273.0, 2346.0, 1318.0, 1228.0, 1092.0, 2151.0, 1768.0, 2985.0, 1615.0, 2695.0, 1558.0, 2466.0, 1927.0, 313.0, 2501.0, 2264.0, 2267.0, 1814.0, 2146.0, 486.0, 3045.0, 1685.0, 1197.0, 2632.0, 739.0, 761.0, 626.0, 594.0, 190.0, 560.0, 2838.0, 205.0, 1705.0, 1392.0, 691.0, 1282.0, 387.0, 809.0, 1081.0, 452.0, 2751.0, 358.0, 1115.0, 2388.0, 1269.0, 2305.0, 2410.0, 209.0, 1913.0, 2514.0], [1998.0, 524.0, 820.0, 1162.0, 387.0, 1356.0, 2772.0, 239.0, 750.0, 483.0, 658.0, 2416.0, 943.0, 828.0, 1143.0, 861.0, 1194.0, 1207.0, 750.0, 950.0, 415.0, 2557.0, 2526.0, 773.0, 778.0, 807.0, 707.0, 561.0, 972.0, 1713.0, 937.0, 656.0, 771.0, 1515.0, 569.0, 858.0, 1236.0, 2540.0, 1069.0, 829.0, 0.0, 795.0, 564.0, 1581.0, 2033.0, 982.0, 841.0, 1336.0, 1066.0, 768.0, 1323.0, 1261.0, 1159.0, 688.0, 2025.0, 1350.0, 715.0, 597.0, 2713.0, 283.0, 1207.0, 708.0, 909.0, 1297.0, 568.0, 454.0, 56.0, 765.0, 2292.0, 2041.0, 942.0, 660.0, 357.0, 400.0, 1117.0, 976.0, 302.0, 1116.0, 2583.0, 1499.0, 724.0, 1177.0, 569.0, 1163.0, 2131.0, 1400.0, 1983.0, 2514.0, 2592.0, 1857.0, 2440.0, 980.0, 2042.0, 2509.0, 974.0, 2049.0, 2130.0, 661.0, 2779.0, 1348.0, 1172.0, 2007.0, 848.0, 806.0, 1019.0, 245.0, 1424.0, 1401.0, 998.0, 2071.0, 2202.0, 1443.0, 934.0, 1122.0, 1122.0, 1098.0, 1327.0, 1057.0, 918.0, 2860.0, 584.0, 700.0, 1129.0, 2727.0, 1179.0, 3050.0, 2915.0, 1615.0], [126.0, 1872.0, 486.0, 813.0, 1157.0, 483.0, 1230.0, 2646.0, 230.0, 744.0, 380.0, 620.0, 2290.0, 909.0, 891.0, 1206.0, 735